4,345
4,344
4,343
4294967278,421
4,342
4,341
4,340
4,339
4294967278,420
4,338
4,337
4,336
4,335
4294967278,419
4,334
4,333
4,332
4,331
4,330
4294967278,418
4,329
4,328
4,327
4,326
4294967278,417
4,325
4,324
4,323
4,322
4,321
4294967278,416
4,320
4,319
4,318
4,317
4294967278,415
4,316
4,315
4,314
4,313
4,312
4294967278,414
4,311
4,310
4,309
4,308
4294967278,413
4,307
4,306
4,305
4,304
4294967278,412
4,303
4,302
4,301
4,300
4,299
4294967278,411
4,298
4,297
4,296
4,295
4294967278,410
4,294
4,293
4,292
4,291
4,290
4294967278,409
4,289
4,288
4,287
4,286
4294967278,408
4,285
4,284
4,283
4,282
4,281
4294967278,407
4,280
4,279
4,278
4,277
4294967278,406
4,276
4,275
4,274
4,273
4294967278,405
4,272
4,271
4,270
4,269
4,268
4294967278,404
4,267
4,266
4,265
4,264
4294967278,403
4,263
4,262
4,261
4,260
4,259
4294967278,402
4,258
4,257
4,256
4,255
4294967278,401
4,254
4,253
4,252
4,251
4,250
4294967278,400
4,249
4,248
4,247
4,246
4294967278,399
4,245
4,244
4,243
4,242
4,241
4294967278,398
4,240
4,239
4,238
4,237
4294967278,397
4,236
4,235
4,234
4,233
4294967278,396
4,232
4,231
4,230
4,229
4,228
4294967278,395
4,227
4,226
4,225
4,224
4294967278,394
4,223
4,222
4,221
4,220
4,219
4294967278,393
4,218
4,217
4,216
4,215
4294967278,392
4,214
4,213
4,212
4,211
4,210
4294967278,391
4,209
4,208
4,207
4,206
4294967278,390
4,205
4,204
4,203
4,202
4294967278,389
4,201
4,200
4,199
4,198
4,197
4294967278,388
4,196
4,195
4,194
4,193
4294967278,387
4,192
4,191
4,190
4,189
4,188
4294967278,386
4,187
4,186
4,185
4,184
4294967278,385
4,183
4,182
4,181
4,180
4,179
4294967278,384
4,178
4,177
4,176
4,175
4294967278,318
4,174
4,173
4,172
4,171
4,170
4,169
4,168
4,167
4,166
4,165
4,164
4,163
4,162
4,161
4,160
4,159
4,158
4,157
4,156
4,155
4,154
4,153
4,152
4,151
4,150
4,149
4,148
4,147
4,146
4,145
4,144
4,143
4,142
4,141
4,140
4,139
4,138
4,137
4,136
4,135
4,134
4,133
4,132
4,131
4,130
4,129
4,128
4,127
4,126
4,125
4,124
4,123
4,122
4,121
4,120
4,119
4,118
4,117
4,116
4,115
4,114
4,113
4,112
4,111
4,110
4,109
4,108
4,107
4,106
4,105
4,104
4,103
4,102
4,101
4,100
4,99
4,98
4,97
4,96
4,95
4,94
4,93
4,92
4,91
4,90
4,89
4,88
4,87
4,86
4,85
4,84
4,83
4,82
4,81
4,80
4,79
4,78
4,77
4,76
4,75
4,74
4,73
4,72
4,71
4,70
4,69
4,68
4,67
4,66
4,65
4,64
4,36
4,35
4,34
4,33
4,32
4,31
4,30
4,29
4,28
4,27
4,26
4,25
4,24
4,23
4,22
4,21
4,20
4,19
4,18
4,17
4,16
4,15
4,14
4,13
4,12
4,11
4,10
4,9
4,8
4,7
4,6
4,5
4294967279,292
4,4
4294967279,291
4,3
4,2
4,1
4294967279,290
4294967294,187
3,762
3,761
3,760
3,759
3,758
4294967278,357
3,757
3,756
3,755
3,754
3,753
3,752
3,751
3,750
3,749
3,748
4294967278,356
3,747
3,746
3,745
3,744
3,743
3,742
3,741
3,740
3,739
3,738
4294967278,355
3,737
3,736
3,735
3,734
3,733
3,732
3,731
3,730
3,729
3,728
4294967278,354
3,727
3,726
3,725
3,724
3,723
3,722
3,721
3,720
3,719
3,718
3,717
4294967278,353
3,716
3,715
3,714
3,713
3,712
3,711
3,710
3,709
3,708
3,707
4294967278,352
3,706
3,705
3,704
3,703
3,702
3,701
3,700
3,699
3,698
3,697
3,696
4294967278,351
3,695
3,694
3,693
3,692
3,691
3,690
3,689
3,688
3,687
3,686
4294967278,350
3,685
3,684
3,683
3,682
3,681
3,680
3,679
3,678
3,677
3,676
4294967278,349
3,675
3,674
3,673
3,672
3,671
3,670
3,669
3,668
3,667
3,666
3,665
4294967278,348
3,664
3,663
3,662
3,661
3,660
3,659
3,658
3,657
3,656
3,655
4294967278,347
3,654
3,653
3,652
3,651
3,650
3,649
3,648
3,647
3,646
3,645
3,644
4294967278,346
3,643
3,642
3,641
3,640
3,639
3,638
3,637
3,636
3,635
3,634
4294967278,345
3,633
3,632
3,631
3,630
3,629
3,628
3,627
3,626
3,625
3,624
4294967278,344
3,623
3,622
3,621
3,620
3,619
3,618
3,617
3,616
3,615
3,614
3,613
4294967278,343
3,612
3,611
3,610
3,609
3,608
3,607
3,606
3,605
3,604
3,603
4294967278,342
3,602
3,601
3,600
3,599
3,598
3,597
3,596
3,595
3,594
3,593
3,592
4294967278,341
3,591
3,590
3,589
3,588
3,587
3,586
3,585
3,584
3,583
3,582
4294967278,340
3,581
3,580
3,579
3,578
3,577
3,576
3,575
3,574
3,573
3,572
4294967278,339
3,571
3,570
3,569
3,568
3,567
3,566
3,565
3,564
3,563
3,562
3,561
4294967278,338
